28 45 12

100

0 1 20 1
0 26 13 2
0 16 8 2
0 6 13 2
0 7 25 2
0 8 36 2
0 9 14 2
0 2 16 1
0 3 13 1
9 11 14 1
9 10 6 1
11 10 9 1
10 26 11 5
26 27 19 1
27 3 26 2
16 1 24 2
1 18 31 2
18 17 22 1
1 19 26 2
1 15 16 2
15 12 12 1
15 14 19 1
12 14 9 1
14 13 11 1
12 13 15 1
13 15 27 1
1 3 11 1
1 2 4 1
3 2 7 1
3 19 24 2
3 24 17 2
24 21 14 1
24 23 23 1
24 22 11 1
21 22 22 1
21 23 18 1
23 22 23 1
2 21 5 2
2 20 2 2
2 25 24 2
2 4 37 2
4 6 12 1
4 5 26 1
5 6 14 1
8 21 36 5

0 8 40
1 11 13
2 22 28
3 3 45
4 17 11
5 19 26
6 16 15
7 13 13
8 5 18
9 25 15
10 7 10
11 24 23